1
2^2 * 7 -- 2^2
Genus of
[ 14   6 -10 -15  -3  12  14   0 -14 -12   3  15]
[  6  14   6 -10 -15  -3  12  14   0 -14 -12   3]
[-10   6  14   6 -10 -15  -3  12  14   0 -14 -12]
[-15 -10   6  14   6 -10 -15  -3  12  14   0 -14]
[ -3 -15 -10   6  14   6 -10 -15  -3  12  14   0]
[ 12  -3 -15 -10   6  14   6 -10 -15  -3  12  14]
[ 14  12  -3 -15 -10   6  14   6 -10 -15  -3  12]
[  0  14  12  -3 -15 -10   6  14   6 -10 -15  -3]
[-14   0  14  12  -3 -15 -10   6  14   6 -10 -15]
[-12 -14   0  14  12  -3 -15 -10   6  14   6 -10]
[  3 -12 -14   0  14  12  -3 -15 -10   6  14   6]
[ 15   3 -12 -14   0  14  12  -3 -15 -10   6  14]
Signature:  (2, 10)
Genus symbol at 2:    1^6:2^6
glueing
Genus of
[-4  2  0  0  0  0]
[ 2 -4  2  0  0  0]
[ 0  2 -4  2  0  0]
[ 0  0  2 -4  2  0]
[ 0  0  0  2 -4  2]
[ 0  0  0  0  2 -4]
Signature:  (0, 6)
Genus symbol at 2:    2^6
Genus symbol at 7:     1^5 7^1
and
Genus of
[ 0  0  0  1]
[ 0 -2  1  0]
[ 0  1 -4  0]
[ 1  0  0  0]
Signature:  (1, 3)
Genus symbol at 2:    1^4
Genus symbol at 7:     1^3 7^-1
above 7
