1
glueing
Genus of
[-2  3 -1  0]
[ 3 -2  3 -1]
[-1  3 -2  3]
[ 0 -1  3 -2]
Signature:  (2, 2)
Genus symbol at 2:    1^-2:2^-2
Genus symbol at 3:     1^2 3^2
and
Genus of
[ -80    0   36  -72  -32  -40  -98   36]
[   0  -80   72   36   40  -32  -36  -98]
[  36   72  -82    0  -22   48   76   72]
[ -72   36    0  -82  -48  -22  -72   76]
[ -32   40  -22  -48  -36    0  -22   64]
[ -40  -32   48  -22    0  -36  -64  -22]
[ -98  -36   76  -72  -22  -64 -138    0]
[  36  -98   72   76   64  -22    0 -138]
Signature:  (0, 8)
Genus symbol at 2:    [2^8]_4
Genus symbol at 3:     1^6 3^2
above 3
2^2 * 3 -- 2^2
Genus of
[-114 -121   -1    1  -80  -50   80  -50   -8  -60 -122  -26]
[-121 -134    2   -1  -92  -44   80  -64  -16  -64 -134  -14]
[  -1    2   -2    3    0    0    0    0    0    0    0    0]
[   1   -1    3   -2    0    0    0    0    0    0    0    0]
[ -80  -92    0    0  -80    0   36  -72  -32  -40  -98   36]
[ -50  -44    0    0    0  -80   72   36   40  -32  -36  -98]
[  80   80    0    0   36   72  -82    0  -22   48   76   72]
[ -50  -64    0    0  -72   36    0  -82  -48  -22  -72   76]
[  -8  -16    0    0  -32   40  -22  -48  -36    0  -22   64]
[ -60  -64    0    0  -40  -32   48  -22    0  -36  -64  -22]
[-122 -134    0    0  -98  -36   76  -72  -22  -64 -138    0]
[ -26  -14    0    0   36  -98   72   76   64  -22    0 -138]
Signature:  (2, 10)
Genus symbol at 2:    1^2 [2^10]_0
2^1 * 3 -- 2^1
Genus of
[-4  0  0  0]
[ 0 -4  0  0]
[ 0  0 -4  0]
[ 0  0  0 -4]
Signature:  (0, 4)
Genus symbol at 2:    [4^4]_4
glueing
Genus of
[-8 -4]
[-4 -8]
Signature:  (0, 2)
Genus symbol at 2:    4^-2
Genus symbol at 3:     1^1 3^1
and
Genus of
[ -4   0]
[  0 -12]
Signature:  (0, 2)
Genus symbol at 2:    [4^-2]_4
Genus symbol at 3:     1^-1 3^-1
above 3
2^1 * 3 -- 2^1
Genus of
[ -4  -4   0  -4]
[ -4  -8   0   0]
[  0   0  -4   0]
[ -4   0   0 -12]
Signature:  (0, 4)
Genus symbol at 2:    [4^4]_4
glueing
Genus of
[-12   0  -6   0   2   0   4   0]
[  0 -12   0  -6   0   2   0   4]
[ -6   0 -12   0  -2   0   2   0]
[  0  -6   0 -12   0  -2   0   2]
[  2   0  -2   0  -2   1  -1   0]
[  0   2   0  -2   1  -2   1  -1]
[  4   0   2   0  -1   1  -2   1]
[  0   4   0   2   0  -1   1  -2]
Signature:  (2, 6)
Genus symbol at 2:    1^-2:2^-6
Genus symbol at 3:     1^4 3^4
and
Genus of
[-36   0   6  12]
[  0 -36 -12   6]
[  6 -12  -6   0]
[ 12   6   0  -6]
Signature:  (0, 4)
Genus symbol at 2:    [2^4]_4
Genus symbol at 3:     3^4
above 3
glueing
Genus of
[-4  0 -2  0  0  0  0  0]
[ 0 -4  0 -2  0  0  0  0]
[-2  0 -4  0  0  0  0  0]
[ 0 -2  0 -4  0  0  0  0]
[ 0  0  0  0  2  3  1  0]
[ 0  0  0  0  3  2  3  1]
[ 0  0  0  0  1  3  2  3]
[ 0  0  0  0  0  1  3  2]
Signature:  (2, 6)
Genus symbol at 2:    1^-2:2^-6
Genus symbol at 3:     1^4 3^4
and
Genus of
[-36   0   6  12]
[  0 -36 -12   6]
[  6 -12  -6   0]
[ 12   6   0  -6]
Signature:  (0, 4)
Genus symbol at 2:    [2^4]_4
Genus symbol at 3:     3^4
above 3
2^2 * 3 -- 2^2
Genus of
[-32  -8  -2   0 -28 -22   0   0  -8 -32 -10   8]
[ -8  -4   0  -2  -8  -6   0   0  -4  -8  -2   2]
[ -2   0  -4   0   0   0   0   0   0   0   0   0]
[  0  -2   0  -4   0   0   0   0   0   0   0   0]
[-28  -8   0   0 -26 -19   1   1 -12 -28  -8   8]
[-22  -6   0   0 -19 -16   2   1  -2 -24  -8   4]
[  0   0   0   0   1   2   2   3   0   0   0   0]
[  0   0   0   0   1   1   3   2   0   0   0   0]
[ -8  -4   0   0 -12  -2   0   0 -36   0   6  12]
[-32  -8   0   0 -28 -24   0   0   0 -36 -12   6]
[-10  -2   0   0  -8  -8   0   0   6 -12  -6   0]
[  8   2   0   0   8   4   0   0  12   6   0  -6]
Signature:  (2, 10)
Genus symbol at 2:    1^2 [2^10]_0
2^1 * 3 -- 2^1
Genus of
[-4  0  0  0]
[ 0 -4  0  0]
[ 0  0 -4  0]
[ 0  0  0 -4]
Signature:  (0, 4)
Genus symbol at 2:    [4^4]_4
glueing
Genus of
[-8 -4]
[-4 -8]
Signature:  (0, 2)
Genus symbol at 2:    4^-2
Genus symbol at 3:     1^1 3^1
and
Genus of
[ -4   0]
[  0 -12]
Signature:  (0, 2)
Genus symbol at 2:    [4^-2]_4
Genus symbol at 3:     1^-1 3^-1
above 3
2^1 * 3 -- 2^1
Genus of
[ -4  -4   0  -4]
[ -4  -8   0   0]
[  0   0  -4   0]
[ -4   0   0 -12]
Signature:  (0, 4)
Genus symbol at 2:    [4^4]_4
